# adapted map dumped by statewise-adapt
6 48 21 68 19 113 60 108 45 69 32 13 35 90 5 118 66 104 9 82 50 59 126 40 47 31 80 27 46 111 105 103 102 74 94 91 83 70 8 24 122 26 81 78 51 20 55 42 88 98
7 64 78 0 71 92 122 77 103 9 28 113 118 81 68 38 73 35 23 72 97 95 36 104 87 49 44 30 94 2 50 8 112 111 124 27 123 64 55 63 105 90 60 43 51 57 120 24 34 110 117 62 85 96 107 7 75 31 6 69 98 56 67 19 14 101
9 64 114 59 36 74 93 75 57 101 61 107 7 27 62 0 12 50 111 105 39 43 15 54 42 30 49 94 95 100 3 110 83 78 72 9 82 16 41 79 33 29 84 68 121 85 45 52 104 31 122 112 98 106 126 40 55 77 125 87 56 11 26 32 38 90
10 64 21 117 0 36 125 7 102 82 59 37 49 73 100 81 120 38 69 44 89 28 53 15 65 93 72 127 113 104 10 79 110 119 61 70 105 124 57 26 98 122 103 101 106 71 2 109 40 17 111 45 55 41 33 51 58 97 107 16 116 90 43 47 31 9
12 64 31 10 5 72 81 17 127 86 44 41 36 20 55 88 125 69 80 51 102 65 105 52 119 38 100 1 98 103 99 108 64 30 29 121 15 77 107 111 124 21 112 7 9 23 101 106 43 95 14 56 3 0 73 123 74 67 92 79 60 96 82 126 35 94
14 48 124 120 122 117 53 106 61 102 25 32 85 41 31 26 68 56 36 13 7 92 15 104 112 60 0 48 20 96 43 17 45 62 123 22 71 88 47 82 64 9 49 107 24 1 65 4 100 33
15 64 66 93 97 46 113 89 127 32 65 98 114 19 111 87 25 92 34 69 23 106 37 5 20 85 105 120 107 115 112 100 4 35 76 36 52 49 60 78 101 13 2 77 41 125 0 51 70 62 122 110 54 43 80 103 47 126 10 74 28 58 123 53 42 33
16 48 21 31 92 59 67 101 125 58 99 5 84 27 76 106 33 23 122 123 19 105 91 64 35 77 111 13 47 103 93 110 44 38 109 39 120 85 126 89 28 94 81 50 6 36 61 65 4 80
18 48 21 91 102 68 108 27 113 32 88 8 14 9 5 126 118 30 122 78 47 19 60 69 103 46 94 50 111 31 55 105 74 51 70 83 66 80 24 35 90 59 82 107 45 81 42 26 20 40
19 48 0 92 78 71 30 14 105 97 103 64 44 101 90 118 9 55 7 96 81 117 36 35 49 23 28 57 72 19 95 77 112 34 63 67 8 2 120 107 94 104 111 62 6 68 69 124 85 43
21 48 61 59 36 74 42 54 69 98 31 30 104 7 0 3 26 85 82 105 95 75 68 57 92 45 9 47 121 110 40 12 49 93 29 62 125 72 122 41 106 33 79 16 32 78 50 83 114 55
22 64 21 117 0 69 28 44 127 59 106 82 92 111 98 79 47 124 49 36 122 16 103 125 100 4 105 61 113 31 73 10 110 104 55 15 20 72 119 71 101 26 56 57 19 70 78 9 58 66 116 41 109 40 23 83 65 43 2 33 90 68 45 37 6 17
24 64 31 10 5 29 72 73 127 82 86 4 51 65 121 119 94 93 125 64 80 69 52 99 0 126 15 36 118 111 3 30 81 70 41 55 25 78 60 7 96 21 53 100 8 17 112 105 67 79 107 123 108 71 77 95 66 88 92 26 124 12 35 74 23 43
26 64 124 120 112 117 56 53 96 9 123 106 104 61 24 101 15 45 68 71 60 22 116 4 92 63 16 48 17 36 28 86 108 64 100 29 35 62 7 82 25 14 33 84 73 10 107 72 32 125 31 0 79 41 47 118 1 65 122 121 102 66 97 85 49 26
27 64 66 93 97 32 113 123 89 105 62 38 84 76 46 13 5 34 115 126 127 15 120 2 20 0 87 100 42 65 12 101 122 75 25 70 51 24 88 37 29 36 11 19 52 54 53 4 125 41 81 60 111 58 110 80 102 114 78 74 47 85 92 43 112 33
28 64 21 31 116 76 126 99 101 58 125 64 84 105 38 44 27 119 13 92 67 35 110 6 48 122 81 39 42 121 91 124 89 94 69 28 36 123 51 61 120 0 59 93 100 20 23 5 55 49 40 106 65 111 82 10 85 47 4 15 74 7 33 68 62 109
30 48 21 102 51 91 59 126 113 74 43 60 46 31 118 47 117 112 70 32 87 14 27 35 80 19 50 111 81 5 105 103 24 78 20 40 108 68 17 83 107 66 45 69 82 90 26 116 88 55
31 48 78 92 71 0 96 107 23 44 120 55 87 9 57 97 6 101 69 121 7 56 19 64 94 85 67 81 103 63 28 105 112 24 90 117 124 8 43 111 118 30 104 2 62 14 84 49 72 77
33 64 95 59 94 121 93 30 39 26 7 78 57 84 82 56 12 0 105 32 45 62 11 41 100 75 68 49 3 106 74 61 36 31 42 125 40 67 33 27 29 48 122 110 85 43 79 72 16 15 83 70 98 34 50 55 69 92 104 87 38 54 47 107 109 13
34 64 69 0 17 102 44 111 82 124 21 38 65 16 100 98 106 79 71 122 59 15 81 7 97 55 68 9 63 72 37 126 28 93 116 110 119 125 6 117 33 57 114 101 56 10 120 70 23 31 127 78 41 109 19 43 26 90 104 49 66 40 48 47 42 36
36 64 31 10 86 73 127 108 93 103 81 95 84 107 112 64 72 69 0 126 119 65 51 80 71 33 101 52 21 120 92 106 55 3 99 14 5 67 41 111 19 39 77 85 17 91 78 79 125 43 96 66 59 124 123 7 118 29 88 35 82 23 18 60 94 1
38 64 78 120 117 122 25 43 22 72 63 68 24 15 106 101 60 116 18 123 71 28 66 84 56 121 92 64 86 46 124 21 53 41 103 62 94 118 73 29 102 9 82 17 1 104 7 31 33 85 45 100 16 125 32 26 113 108 49 87 112 97 61 14 65 96
39 64 66 93 97 88 123 114 21 46 111 20 113 51 26 84 54 34 107 4 65 43 126 115 28 11 125 100 19 89 37 45 106 76 73 52 25 87 78 53 58 38 101 105 5 0 62 15 92 70 122 47 74 41 72 102 13 80 110 112 36 2 33 42 117 75
40 64 21 31 47 64 101 38 99 91 120 59 44 116 5 48 77 13 29 121 1 20 6 110 51 36 100 124 15 122 126 69 119 35 123 49 109 76 39 58 93 10 12 67 70 40 33 11 113 106 68 125 28 112 82 107 27 111 4 23 25 89 92 84 42 61
41 64 32 16 111 41 70 43 82 114 67 116 91 65 0 69 113 31 36 63 14 45 97 108 86 95 29 57 39 25 122 61 33 84 110 53 49 81 23 118 105 89 71 3 44 42 54 48 98 50 124 126 51 8 75 21 99 58 30 115 88 92 26 90 59 34
42 64 15 105 54 6 29 103 86 85 126 9 57 49 8 75 80 46 101 65 83 35 34 67 98 110 108 112 90 44 40 48 62 33 124 37 17 1 64 45 28 89 0 70 21 25 4 114 113 39 116 47 87 66 77 50 111 30 58 88 92 53 56 20 60 41
43 64 124 89 45 105 55 106 25 81 107 34 92 9 11 86 4 10 73 7 16 67 66 80 113 51 47 19 125 20 126 29 88 90 54 77 69 0 74 100 13 110 24 14 82 83 41 98 30 93 112 84 96 35 61 108 71 53 101 91 72 38 111 40 18 99
44 48 76 70 39 104 91 112 106 32 31 14 34 77 18 92 41 57 59 23 86 19 120 55 28 21 125 114 63 36 101 97 5 51 10 108 102 62 25 42 111 96 103 64 66 8 78 90 123 52
45 48 74 124 56 1 44 35 118 105 41 6 77 23 125 45 113 104 114 75 76 67 66 110 54 31 126 108 51 19 55 39 15 98 48 29 101 11 84 40 102 82 4 3 7 100 38 14 93 64
46 48 47 50 25 52 106 3 6 5 110 23 4 125 21 93 49 2 85 119 62 69 102 12 18 40 86 34 66 0 48 79 120 91 81 42 9 99 33 54 122 16 43 46 118 26 74 90 11 35
47 64 71 86 127 15 85 32 35 82 95 58 31 52 57 21 27 90 111 34 53 117 47 26 73 112 123 44 78 102 114 3 66 87 88 107 120 74 6 11 36 108 109 4 20 76 54 63 72 104 121 10 105 14 23 39 94 113 8 17 42 48 80 12 25 38
