6 48 23 89 100 22 54 56 109 14 63 13 125 10 97 85 127 104 34 115 6 93 39 86 62 96 41 58 87 75 105 103 1 52 110 99 83 0 119 24 79 71 107 64 77 20 55 42 88 101
7 64 100 1 13 5 108 48 53 33 106 40 74 4 58 82 73 83 91 72 26 95 17 89 87 49 44 88 76 2 50 8 112 111 124 27 123 109 47 127 59 32 60 43 51 18 45 24 34 110 11 62 61 39 20 7 75 31 70 21 98 56 3 19 86 25
9 64 76 97 17 35 99 37 80 5 71 102 7 86 62 0 48 32 111 105 66 43 60 127 22 96 49 94 24 100 65 110 83 103 28 9 82 113 41 79 33 1 116 68 89 25 45 52 104 2 122 112 98 106 85 40 55 117 125 92 56 108 81 51 67 90
10 64 18 25 76 94 85 50 40 82 99 91 30 123 108 95 120 16 69 52 13 107 73 14 83 35 64 62 113 103 4 88 110 119 61 70 105 124 57 26 98 3 10 27 80 71 2 109 74 75 126 45 55 41 33 51 39 97 87 66 116 90 96 47 68 9
12 64 34 46 2 61 87 121 127 42 32 103 36 14 53 75 4 69 80 115 27 65 68 52 26 38 100 102 90 63 99 118 64 30 114 120 15 58 107 117 124 21 40 7 12 97 101 24 43 95 9 56 85 0 73 123 74 76 92 79 8 66 89 126 35 94
14 48 3 23 55 57 53 44 38 108 34 69 76 115 39 110 68 16 101 111 7 28 15 95 51 60 18 48 20 10 79 17 105 62 8 22 84 92 99 82 64 80 119 14 83 1 67 125 100 33
15 64 17 40 16 6 121 89 7 32 3 98 1 116 100 87 77 82 34 69 71 30 37 50 20 85 91 120 95 72 94 57 106 35 55 8 52 49 60 78 101 29 45 23 41 125 0 51 70 119 90 96 54 56 80 103 31 126 127 68 28 58 83 59 61 33
16 48 14 30 127 102 16 101 114 80 26 115 75 108 43 11 79 78 90 123 51 105 124 37 121 77 8 13 1 20 29 110 119 40 52 39 83 60 0 89 55 94 81 50 117 15 22 65 45 7
18 48 54 89 23 22 100 109 63 10 125 56 14 93 52 85 13 87 104 6 127 58 62 97 103 34 115 39 41 96 0 105 110 119 75 101 64 86 24 18 17 1 122 107 77 65 42 26 20 38
19 48 100 1 108 48 5 13 53 33 74 106 44 82 4 40 26 73 17 91 88 83 123 58 49 59 89 47 72 76 95 32 112 127 75 87 8 2 51 45 24 11 56 62 50 110 3 124 21 43
21 48 76 99 97 17 80 37 111 35 5 71 102 7 0 86 60 66 82 105 127 1 68 96 48 100 9 94 52 110 103 43 49 2 113 62 125 24 122 65 22 33 79 28 32 89 116 83 85 55
22 64 18 25 76 69 94 85 50 40 91 82 99 52 98 30 95 124 120 107 64 16 103 108 62 4 105 61 113 27 73 14 110 35 55 123 68 88 119 71 10 26 56 57 19 70 78 9 13 126 39 41 109 63 23 83 80 43 2 33 90 74 45 75 97 96
24 64 34 2 46 61 87 73 127 75 14 4 32 65 121 42 53 27 38 64 80 69 52 99 0 103 15 36 90 115 25 30 118 68 100 58 26 102 63 114 96 21 117 43 8 40 112 120 67 79 107 123 56 71 9 95 66 76 92 24 124 12 35 74 23 85
26 64 3 23 55 57 44 53 38 108 115 76 69 34 110 101 15 95 68 71 60 22 16 4 92 51 18 48 17 39 28 86 20 64 100 111 105 62 7 82 8 14 33 84 73 10 119 67 32 125 80 79 98 99 47 83 1 109 6 42 102 66 126 85 40 26
27 64 17 40 16 32 6 121 89 3 7 116 82 98 1 100 77 34 69 126 127 30 120 71 20 0 87 57 94 95 85 101 91 35 25 70 51 45 72 37 29 8 23 49 52 54 55 106 125 41 50 60 119 58 96 80 59 56 78 83 61 28 68 90 86 33
28 64 14 30 127 16 102 114 101 80 78 26 75 105 79 44 108 90 13 11 37 35 110 43 48 77 81 39 119 121 29 124 89 94 50 117 8 123 51 115 52 0 83 93 100 20 54 22 112 1 40 60 65 73 82 45 103 55 4 15 74 7 33 97 24 109
30 48 54 22 23 89 100 109 63 14 87 10 56 93 118 125 104 127 62 85 96 115 58 0 39 6 101 41 52 1 105 103 24 119 20 97 122 110 17 83 34 75 86 64 77 107 26 116 88 55
31 48 1 108 13 100 5 48 53 44 33 74 106 82 4 26 73 17 83 58 91 56 40 75 88 89 123 32 127 49 76 47 112 2 51 59 124 8 111 61 45 21 11 27 62 110 63 34 72 31
33 64 76 99 111 17 97 37 80 35 7 5 71 102 82 86 66 0 105 32 60 62 48 41 100 127 68 49 28 106 96 22 94 1 2 125 40 9 33 24 113 116 122 110 85 43 79 103 89 65 83 52 98 112 50 55 69 92 104 108 25 81 47 51 91 90
34 64 69 18 25 94 76 85 82 124 40 99 103 16 91 98 95 30 71 83 50 4 120 108 63 55 14 9 73 62 52 126 107 27 105 110 119 64 68 88 33 57 13 123 56 113 61 70 23 2 35 78 41 109 19 43 26 90 12 45 10 87 80 3 74 36
36 64 34 2 46 73 127 121 14 103 61 36 4 27 112 64 87 69 0 32 68 65 75 80 42 53 38 52 21 120 92 117 30 25 99 24 114 67 90 40 118 100 15 26 102 107 58 79 63 43 96 66 8 124 123 7 115 29 76 35 12 23 9 56 94 95
38 64 55 3 23 38 108 53 22 57 69 68 115 15 39 101 60 16 18 44 71 28 66 84 51 111 92 64 86 119 105 67 80 34 48 62 79 10 73 47 102 20 82 17 1 76 7 98 33 58 8 100 4 125 32 26 126 81 49 87 90 12 95 14 110 96
39 64 17 40 16 89 3 116 32 6 30 20 121 51 100 77 71 34 107 4 7 98 126 57 106 31 125 29 1 54 37 45 69 127 60 52 25 87 78 85 120 23 101 95 90 0 94 103 28 70 83 56 35 41 72 58 49 80 110 61 8 2 91 55 117 75
40 64 14 115 30 127 101 80 102 16 43 108 44 105 114 90 77 13 29 121 54 20 75 110 51 112 100 124 15 0 26 55 119 35 123 8 109 79 39 22 93 60 12 52 7 40 83 11 94 106 81 73 28 48 82 37 27 111 4 23 74 89 50 65 42 78
41 64 121 9 77 62 1 103 82 5 66 11 112 65 0 92 35 2 36 63 14 45 97 106 20 15 64 57 100 80 122 61 7 84 69 53 49 81 46 50 19 52 18 85 44 42 54 48 117 17 55 126 93 72 6 21 99 73 30 115 88 79 26 90 59 34
42 64 71 115 24 55 3 23 86 18 126 16 12 49 8 75 80 14 101 65 93 102 117 69 98 74 108 125 90 73 22 123 106 31 27 37 17 43 64 5 28 99 59 70 21 25 4 114 113 39 116 100 52 66 77 2 111 30 58 7 92 32 56 20 119 41
43 64 68 36 46 8 5 121 104 58 87 56 100 114 65 44 4 75 81 120 16 59 66 80 49 26 47 19 125 97 43 12 88 6 63 77 29 0 74 37 31 122 24 2 62 83 41 98 30 115 112 60 96 35 61 108 71 53 33 91 72 127 111 94 18 99
44 48 27 69 39 104 116 11 6 80 3 56 54 20 22 110 48 1 45 23 71 88 58 13 81 107 9 46 29 37 105 16 122 33 53 73 99 62 25 42 111 94 0 92 113 8 78 90 44 52
45 48 4 12 123 117 27 20 32 5 87 2 70 22 80 45 47 24 114 42 76 83 37 112 95 46 17 50 89 26 99 71 103 92 48 29 101 119 65 88 127 82 0 63 116 91 16 52 86 64
46 48 19 55 117 52 68 101 60 5 115 127 97 51 10 104 45 22 80 7 124 105 39 27 76 1 61 82 32 30 77 94 67 98 96 29 75 123 33 54 122 16 43 46 118 71 84 90 11 35
47 64 71 86 127 15 85 32 35 82 95 58 31 52 57 21 27 90 111 34 53 117 47 26 73 112 123 44 78 102 114 3 66 87 88 107 120 74 6 11 36 108 109 4 20 76 54 63 72 104 121 10 105 14 23 39 94 113 8 17 42 48 80 12 25 38
